<?xml version="1.0"?>
<opencv_storage>
<Homo_cam2base type_id="opencv-matrix">
  <rows>4</rows>
  <cols>4</cols>
  <dt>f</dt>
  <data>
    5.6358047905328973e-05 9.9743520154731646e-01 7.0235953536165033e-02
    3.3124467816989522e+02 9.9974101634525026e-01 9.6513724870844113e-04
    -1.5549317086924613e-02 3.8672140744833098e+02
    -1.5589484640171907e-02 7.0261227911681878e-02
    -9.9719993270284613e-01 1.3049386077025786e+03 0. 0. 0. 1.</data></Homo_cam2base>
</opencv_storage>
