<?xml version="1.0"?>
<opencv_storage>
<color_Homo_cam2base type_id="opencv-matrix">
  <rows>4</rows>
  <cols>4</cols>
  <dt>f</dt>
  <data>
    2.9457033829176173e-02 9.9907744355021078e-01 3.1249719153318811e-02
    2.9411316673519804e+02 9.9955924368663951e-01
    -2.9327084558208687e-02 -4.6087386462758950e-03
    3.8375689996494566e+02 -3.6880236686827328e-03
    3.1371705412524334e-02 -9.9950098278137256e-01
    1.3240414627592052e+03 0. 0. 0. 1.</data></color_Homo_cam2base>
<depth_Homo_cam2base type_id="opencv-matrix">
  <rows>4</rows>
  <cols>4</cols>
  <dt>d</dt>
  <data>
    6.8058481071143262e-02 -9.8121134300998958e-01
    -1.8053349689966602e-01 -1.3546763115558342e+01
    -9.9767077352620437e-01 -6.6101686641536928e-02
    -1.6840269438681110e-02 3.7403104616724141e+02
    4.5902947522150628e-03 1.8125911665810518e-01
    -9.8342465996252693e-01 1.5378072965669301e+03 0. 0. 0. 1.</data></depth_Homo_cam2base>
</opencv_storage>
