<?xml version="1.0"?>
<opencv_storage>
<depth_Homo_cam2base type_id="opencv-matrix">
  <rows>4</rows>
  <cols>4</cols>
  <dt>d</dt>
  <data>
    2.9457033829176173e-02 9.9907744355021078e-01 3.1249719153318811e-02
    2.9411316673519804e+02 9.9955924368663951e-01
    -2.9327084558208687e-02 -4.6087386462758950e-03
    3.8375689996494566e+02 -3.6880236686827328e-03
    3.1371705412524334e-02 -9.9950098278137256e-01
    1.3240414627592052e+03 0. 0. 0. 1.</data></depth_Homo_cam2base>
<color_Homo_cam2base type_id="opencv-matrix">
  <rows>4</rows>
  <cols>4</cols>
  <dt>d</dt>
  <data>
    2.1717400918944269e-02 9.9163976363198392e-01 1.2719643737632352e-01
    2.9420400367679542e+02 9.9974014635825281e-01
    -2.2422007434261534e-02 4.1101511160483439e-03
    3.5015016682124605e+02 6.9277887456734161e-03
	1.2707412311922936e-01 -9.9186903015296057e-01
	1.3214478208789160e+03 0. 0. 0. 1.</data></color_Homo_cam2base>
</opencv_storage>
