<?xml version="1.0"?>
<opencv_storage>
<color_Homo_cam2base type_id="opencv-matrix">
  <rows>4</rows>
  <cols>4</cols>
  <dt>d</dt>
  <data>
    2.9457033829176173e-02 9.9907744355021078e-01 3.1249719153318811e-02
    2.9411316673519804e+02 9.9955924368663951e-01
    -2.9327084558208687e-02 -4.6087386462758950e-03
    3.8375689996494566e+02 -3.6880236686827328e-03
    3.1371705412524334e-02 -9.9950098278137256e-01
    1.3240414627592052e+03 0. 0. 0. 1.</data></color_Homo_cam2base>
<depth_Homo_cam2base type_id="opencv-matrix">
  <rows>4</rows>
  <cols>4</cols>
  <dt>d</dt>
  <data>
    7.6206419869287723e-03 9.8829510104147422e-01 1.5236377218069069e-01
    2.8694113986280320e+02 9.9997090880125916e-01
    -7.4817336737676016e-03 -1.4849957637519257e-03
    3.5496047794713417e+02 -3.2766887339583106e-04
    1.5237065635698077e-01 -9.8832336596604486e-01
    1.3208621564872137e+03 0. 0. 0. 1.</data></depth_Homo_cam2base>

</opencv_storage>
