<?xml version="1.0"?>
<opencv_storage>
<Homo_cam2base type_id="opencv-matrix">
  <rows>4</rows>
  <cols>4</cols>
  <dt>f</dt>
  <data>
    2.0620621073984838e-02 9.9580642061396252e-01 8.9131154208449345e-02
    3.2523879381788186e+02 9.9977874032897529e-01
    -2.0167878297489422e-02 -5.9772126601499442e-03
    4.0580538750608332e+02 -4.1545604737615871e-03
    8.9234686915934544e-02 -9.9600196298917254e-01
    1.3034979207246763e+03 0. 0. 0. 1.</data></Homo_cam2base>
</opencv_storage>
