<?xml version="1.0"?>
<opencv_storage>
<Homo_cam2base type_id="opencv-matrix">
  <rows>4</rows>
  <cols>4</cols>
  <dt>d</dt>
  <data>
    1.7494067897256999e-01 9.8248078111741810e-01 6.4243860216549320e-02
    3.1564028569898284e+02 9.8408777952610738e-01
    -1.7654161891061984e-01 2.0107187267065896e-02
    3.6396183920099844e+02 3.1096640139918308e-02 5.9704032755961145e-02
    -9.9773164099605638e-01 1.3389118413397107e+03 0. 0. 0. 1.</data></Homo_cam2base>
</opencv_storage>
