<?xml version="1.0"?>
<opencv_storage>
<Homo_cam2base type_id="opencv-matrix">
  <rows>4</rows>
  <cols>4</cols>
  <dt>f</dt>
  <data>
    2.1717400918944269e-02 9.9163976363198392e-01 1.2719643737632352e-01
    2.9420400367679542e+02 9.9974014635825281e-01
    -2.2422007434261534e-02 4.1101511160483439e-03
    3.5015016682124605e+02 6.9277887456734161e-03 1.2707412311922936e-01
    -9.9186903015296057e-01 1.3214478208789160e+03 0. 0. 0. 1.</data></Homo_cam2base>
</opencv_storage>
